11111111111111111111111111111111111111111111111111
10000000000000000000000000000000000000000000010001
1111111111111111111111011111111111111111111000000O
10100000000000000000010100000000000000000010010001
10111111111111111111110111111111111111111110010001
10000000000000000000000000000000000000000000010001
10111111111111111111110111111111111111111110010001
10100000000000000000010100000000000000000010010001
10100000000000000000010100000000000000000010010001
10111111111111111111110111111111111111111110010001
10000000000000000000000000000000000000000000010001
10111111111111111111111111111111111111111110010001
11100000000000000000000000000000000000000010010001
10000000000000000000000000000000000000000010010001
10111111111111111111111111111111111111111110011111
101000000000000000000000000000000000000000000000M1
10101111111111111011111111111111111111111111111101
10101010000000010010000000000000000000000001011001
10101010000000010010000000000000000000000011011001
10101010000000010011111111111111111111111101011001
10101011111100010000000000000000000000000000000001
10101000000100000010000000001111111110100001111101
10101000000100011110000000001000000000100000000101
10101000000100000010000000001000000001000001000101
10101000000100000010000000001000000010000001000101
10100001111100000010000000001000000100000001000101
10101000000100000010000000001000001000000001000101
10101000000100000010000000001000010000000001000101
10101000000101111110000000001000100000000001000101
10101000000100000010000000001O01000000000001000101
10101111110100000011111111101111111111111111000101
10100000010100000000000000001000000000000000000101
10100000010111111111111111101000000000000000000101
10100000010100000000000000101000000000000000000101
10100000110100000000000000101111111111111111110101
10100000100100000000000000101000000000000000000101
10111111110111111111111111101111111111111111111101
10000000000000000000000000000000000000000000000001
10111111111111111101111111111111111111111111111101
10100000000000000000000000000000000000000000000101
10111111111110011111100000000000111111111000000101
10000000000010011111111111111110100000001000000101
10111111111110000000000000001010100000001111000101
10100000000011111111111111101000100000000000000101
10111111111111111111111111101111111111111111111101
10100000000000000000000000000000000000000000000101
10101111111111111111110111111111111111111111110101
10000000000000000000010100000000000000000000000001
1000000000000000000001P100000000000000000000000001
11111111111111111111111111111111111111111111111111

