111111111111111111111111111111
1P0000000000000000000000000001
111111111111111111111111111101
100000000000000000000000000101
101111111111111111111111111101
100000010000000000000000100001
100000010111111000000000111101
101111010000001000000000000001
100001000000000000000000000101
101111111111111111111111111111
101000000000000000000000000101
101000000000000000000000000101
101000000000000000000000000101
101011111111111111111000000001
101000000000000000001111111101
101111111111111111101111111101
100010000000000000100000000001
101010000000000000100000000101
101010000000000000100000000101
101010000000000000100000000101
1010100000M0000000100000000101
101010000000000000100000000101
101010000000000000100000000101
101010000000000000000000000101
101000000000000000100000000101
111010000000000000111111111101
100000111111111111100000000001
111110000000000000000000000001
O00000111111111111111111111101
111111111111111111111111111111

